eta = 0.11722424347480584
t-eta = 1.4799910240658023
beta = 0.22894670998318267
t-beta = 2.1838041263760126
