eta = 0.11722424347480584
t-eta = 1.502154972791275
beta = 0.22894670998318267
t-beta = 2.5771403510700637
