eta = 0.11722424347480584
t-eta = 1.6238713250433154
beta = 0.22894670998318267
t-beta = 2.5062944602665747
