eta = 8.506933825129114
t-eta = 2.5368171964042086
beta = -0.1709009751865451
t-beta = -6.189681716062156
